name,size,insert,lookup,delete,checksum
std::map_unordered,10000000,412.776728,108.932550,241.797294,538635611954605
google::dense_hash_map,10000000,86.283214,27.718490,34.231489,538635611954605
ulib::align_hash_map,10000000,103.157395,59.413050,36.966700,538635611954605
tommyds hashdyn,10000000,350.521895,63.470430,138.226151,538635611954605
khash,10000000,107.522466,55.553010,35.463883,538635611954605
libdynamic,10000000,76.265303,24.041120,30.897615,538635611954605
std::map_unordered,9090909,372.652463,85.600140,240.716614,536483272845125
google::dense_hash_map,9090909,101.797426,34.659430,40.078169,536483272845125
ulib::align_hash_map,9090909,132.465916,72.379940,43.616889,536483272845125
tommyds hashdyn,9090909,475.401831,107.278950,173.535739,536483272845125
khash,9090909,138.741172,88.888810,44.910549,536483272845125
libdynamic,9090909,83.481483,25.029640,31.659697,536483272845125
std::map_unordered,8264462,373.455269,84.946680,212.879100,536572970643485
google::dense_hash_map,8264462,71.376838,29.665730,38.170843,536572970643485
ulib::align_hash_map,8264462,82.744481,58.268750,33.886255,536572970643485
tommyds hashdyn,8264462,262.963258,55.653650,126.427898,536572970643485
khash,8264462,85.641149,52.543720,34.155871,536572970643485
libdynamic,8264462,61.449865,25.541400,40.387497,536572970643485
std::map_unordered,7513147,290.407212,91.321230,217.488668,536315906404930
google::dense_hash_map,7513147,81.465359,31.889140,37.484193,536315906404930
ulib::align_hash_map,7513147,85.708550,57.073760,33.276802,536315906404930
tommyds hashdyn,7513147,285.139274,60.505330,138.951915,536315906404930
khash,7513147,91.412300,52.082930,36.452707,536315906404930
libdynamic,7513147,68.378387,25.799230,44.845862,536315906404930
std::map_unordered,6830133,376.962269,118.607700,275.113553,538457052463480
google::dense_hash_map,6830133,82.612218,33.492210,41.680010,538457052463480
ulib::align_hash_map,6830133,99.959716,72.411710,39.421355,538457052463480
tommyds hashdyn,6830133,363.937471,105.994960,158.675113,538457052463480
khash,6830133,107.312685,77.735770,39.910379,538457052463480
libdynamic,6830133,68.697240,26.216110,40.477217,538457052463480
std::map_unordered,6209211,386.528960,119.856160,275.518094,538301696210310
google::dense_hash_map,6209211,84.976707,33.176920,41.227805,538301696210310
ulib::align_hash_map,6209211,102.824030,72.910580,38.418956,538301696210310
tommyds hashdyn,6209211,380.972817,101.531480,161.408874,538301696210310
khash,6209211,109.103380,76.035940,39.067743,538301696210310
libdynamic,6209211,70.645917,29.227680,38.610378,538301696210310
std::map_unordered,5644737,396.576911,118.856430,268.799070,536426411632740
google::dense_hash_map,5644737,87.525458,33.248690,40.340330,536426411632740
ulib::align_hash_map,5644737,104.057462,71.130960,37.628296,536426411632740
tommyds hashdyn,5644737,390.763860,93.518890,161.627022,536426411632740
khash,5644737,110.869714,76.665720,38.345052,536426411632740
libdynamic,5644737,73.731148,29.359460,37.088835,536426411632740
std::map_unordered,5131579,407.377992,112.917040,269.023225,537746480972830
google::dense_hash_map,5131579,90.683800,32.503620,39.512135,537746480972830
ulib::align_hash_map,5131579,104.945314,70.002720,37.004791,537746480972830
tommyds hashdyn,5131579,402.679268,86.829310,159.499268,537746480972830
khash,5131579,112.705509,60.114570,36.782432,537746480972830
libdynamic,5131579,77.018195,28.032710,36.318605,537746480972830
std::map_unordered,4665071,417.326305,112.525730,261.502692,534619935229340
google::dense_hash_map,4665071,94.035883,30.335240,38.622212,534619935229340
ulib::align_hash_map,4665071,106.984219,72.797290,37.063459,534619935229340
tommyds hashdyn,4665071,425.411732,81.742630,161.958355,534619935229340
khash,4665071,115.711055,78.305660,37.542495,534619935229340
libdynamic,4665071,80.474674,22.419520,35.436823,534619935229340
std::map_unordered,4240973,420.874031,112.248640,255.610982,538608695377910
google::dense_hash_map,4240973,92.249556,30.479620,38.910218,538608695377910
ulib::align_hash_map,4240973,109.518366,70.800060,35.323484,538608695377910
tommyds hashdyn,4240973,440.935437,79.953820,162.144607,538608695377910
khash,4240973,118.598491,56.228650,36.043304,538608695377910
libdynamic,4240973,83.804857,26.837170,31.694733,538608695377910
std::map_unordered,3855429,448.080610,106.359550,262.015731,539139236435890
google::dense_hash_map,3855429,83.279561,32.720520,43.211864,539139236435890
ulib::align_hash_map,3855429,88.840918,53.511990,32.843338,539139236435890
tommyds hashdyn,3855429,246.690376,51.843720,118.191766,539139236435890
khash,3855429,76.039453,42.562750,28.297082,539139236435890
libdynamic,3855429,58.823133,22.395900,36.424972,539139236435890
std::map_unordered,3504935,279.758816,89.096230,205.180459,537369658758505
google::dense_hash_map,3504935,70.773970,26.468410,34.945128,537369658758505
ulib::align_hash_map,3504935,76.452063,48.449500,27.863306,537369658758505
tommyds hashdyn,3504935,266.775164,48.870470,124.033795,537369658758505
khash,3504935,82.559852,43.643570,28.609126,537369658758505
libdynamic,3504935,62.617410,23.016950,33.304432,537369658758505
std::map_unordered,3186304,298.183861,89.950360,211.782920,537257748196125
google::dense_hash_map,3186304,72.780583,25.459250,34.911739,537257748196125
ulib::align_hash_map,3186304,82.986662,48.014120,27.534823,537257748196125
tommyds hashdyn,3186304,280.636757,51.622170,125.635786,537257748196125
khash,3186304,89.774115,45.570950,29.317565,537257748196125
libdynamic,3186304,67.121791,21.920680,32.719644,537257748196125
std::map_unordered,2896639,283.441016,85.260500,197.709048,535807755193260
google::dense_hash_map,2896639,71.526851,24.094410,32.478196,535807755193260
ulib::align_hash_map,2896639,77.072983,44.754070,25.360575,535807755193260
tommyds hashdyn,2896639,278.442941,47.773500,119.300865,535807755193260
khash,2896639,83.680390,40.813300,26.139679,535807755193260
libdynamic,2896639,64.044013,19.877400,28.896937,535807755193260
std::map_unordered,2633308,291.160769,83.681700,195.172389,535030528995255
google::dense_hash_map,2633308,74.035441,23.665030,31.823819,535030528995255
ulib::align_hash_map,2633308,79.774717,44.367610,25.354420,535030528995255
tommyds hashdyn,2633308,291.074786,46.711370,120.059101,535030528995255
khash,2633308,87.670140,41.337690,26.249986,535030528995255
libdynamic,2633308,66.846855,19.288410,27.481010,535030528995255
std::map_unordered,2393916,299.715699,82.459490,193.081147,536694700268375
google::dense_hash_map,2393916,76.797687,23.179140,31.285447,536694700268375
ulib::align_hash_map,2393916,82.509198,45.084960,25.015984,536694700268375
tommyds hashdyn,2393916,306.134432,45.419540,120.332477,536694700268375
khash,2393916,90.804219,40.911400,26.049691,536694700268375
libdynamic,2393916,69.974646,18.692680,26.306731,536694700268375
std::map_unordered,2176287,309.448558,81.589760,191.668818,536497486923580
google::dense_hash_map,2176287,80.232013,22.822500,30.944522,536497486923580
ulib::align_hash_map,2176287,86.443782,44.730320,24.847319,536497486923580
tommyds hashdyn,2176287,323.499358,44.610040,121.140854,536497486923580
khash,2176287,95.104002,40.667700,25.643061,536497486923580
libdynamic,2176287,73.716652,18.299270,25.373019,536497486923580
std::map_unordered,1978442,321.139217,80.489600,190.761518,535908037928860
google::dense_hash_map,1978442,62.924158,25.479550,34.012169,535908037928860
ulib::align_hash_map,1978442,64.367093,42.642800,24.511703,535908037928860
tommyds hashdyn,1978442,223.154624,44.816910,108.421222,535908037928860
khash,1978442,70.235959,35.476460,24.894296,535908037928860
libdynamic,1978442,55.154202,20.311540,34.510348,535908037928860
std::map_unordered,1798583,252.690754,84.787440,191.681786,536670774287140
google::dense_hash_map,1798583,63.844156,24.471690,32.817742,536670774287140
ulib::align_hash_map,1798583,66.019231,41.361300,23.870487,536670774287140
tommyds hashdyn,1798583,231.348278,43.682910,108.704939,536670774287140
khash,1798583,72.623125,34.636970,24.341593,536670774287140
libdynamic,1798583,56.396467,19.226810,31.637947,536670774287140
std::map_unordered,1635075,255.821160,83.241210,187.764724,534664081603465
google::dense_hash_map,1635075,65.177947,23.609840,31.842427,534664081603465
ulib::align_hash_map,1635075,67.885430,40.725570,23.309330,534664081603465
tommyds hashdyn,1635075,239.919870,42.551080,108.882460,534664081603465
khash,1635075,75.150526,33.930470,23.902848,534664081603465
libdynamic,1635075,58.069940,18.376010,29.229440,534664081603465
std::map_unordered,1486431,260.167055,81.404980,183.653337,536697209007340
google::dense_hash_map,1486431,67.061527,22.955410,31.075578,536697209007340
ulib::align_hash_map,1486431,71.142742,39.707490,22.977622,536697209007340
tommyds hashdyn,1486431,247.751530,41.598610,108.687453,536697209007340
khash,1486431,78.246322,34.360740,23.675505,536697209007340
libdynamic,1486431,60.296961,17.578140,27.617873,536697209007340
std::map_unordered,1351300,265.807454,79.611530,181.252344,536456751269175
google::dense_hash_map,1351300,69.320790,22.460160,30.478476,536456751269175
ulib::align_hash_map,1351300,72.890565,39.938750,23.297755,536456751269175
tommyds hashdyn,1351300,260.567980,40.458270,109.217004,536456751269175
khash,1351300,81.630095,33.763830,23.949463,536456751269175
libdynamic,1351300,62.985420,17.021320,26.038908,536456751269175
std::map_unordered,1228454,272.383440,78.537630,179.117556,536281916065070
google::dense_hash_map,1228454,71.978080,22.155110,29.989951,536281916065070
ulib::align_hash_map,1228454,76.146411,39.422060,22.610021,536281916065070
tommyds hashdyn,1228454,276.058567,39.861410,109.497375,536281916065070
khash,1228454,85.444813,33.401120,23.221716,536281916065070
libdynamic,1228454,66.160895,16.661680,24.864975,536281916065070
std::map_unordered,1116776,280.686503,77.469070,177.109358,536688752662755
google::dense_hash_map,1116776,74.871625,21.616570,29.539902,536688752662755
ulib::align_hash_map,1116776,80.173953,38.830440,22.359332,536688752662755
tommyds hashdyn,1116776,290.643664,38.906020,109.988431,536688752662755
khash,1116776,89.743303,32.859410,23.029998,536688752662755
libdynamic,1116776,69.615916,16.125350,23.932298,536688752662755
std::map_unordered,1015250,289.943067,76.390550,175.203377,536865760023705
google::dense_hash_map,1015250,58.960233,24.307660,32.469081,536865760023705
ulib::align_hash_map,1015250,59.357251,39.891020,22.740927,536865760023705
tommyds hashdyn,1015250,197.765357,39.256490,97.377340,536865760023705
khash,1015250,65.315000,31.672680,23.050146,536865760023705
libdynamic,1015250,52.146598,18.455500,33.415435,536865760023705
std::map_unordered,922954,300.463930,75.673260,174.472372,534869761019710
google::dense_hash_map,922954,59.993962,23.213220,31.201439,534869761019710
ulib::align_hash_map,922954,61.378757,38.670170,22.083750,534869761019710
tommyds hashdyn,922954,202.225517,38.388010,97.557239,534869761019710
khash,922954,67.751115,30.360140,22.466633,534869761019710
libdynamic,922954,53.543369,17.441990,30.297882,534869761019710
std::map_unordered,839049,231.123092,79.038270,172.365802,537624747078190
google::dense_hash_map,839049,61.095067,22.561940,30.198966,537624747078190
ulib::align_hash_map,839049,63.247794,37.672450,21.602010,537624747078190
tommyds hashdyn,839049,210.667857,37.430130,97.401097,537624747078190
khash,839049,70.205024,29.641150,22.036197,537624747078190
libdynamic,839049,55.087012,16.407390,28.014642,537624747078190
std::map_unordered,762771,233.257411,77.697060,168.961996,536321995021840
google::dense_hash_map,762771,62.607292,21.702510,29.397111,536321995021840
ulib::align_hash_map,762771,65.306357,36.725780,21.162160,536321995021840
tommyds hashdyn,762771,217.513623,36.594710,96.977489,536321995021840
khash,762771,73.497093,29.143930,21.695049,536321995021840
libdynamic,762771,56.978100,15.727490,26.129361,536321995021840
std::map_unordered,693428,236.313316,76.127650,165.695632,537695214059215
google::dense_hash_map,693428,64.544809,21.198970,28.722622,537695214059215
ulib::align_hash_map,693428,68.113357,36.061260,20.945340,537695214059215
tommyds hashdyn,693428,225.825872,36.083170,97.021673,537695214059215
khash,693428,76.938664,28.663010,21.382663,537695214059215
libdynamic,693428,59.582176,15.032990,24.768062,537695214059215
std::map_unordered,630389,240.779834,74.500550,162.650535,537391372310130
google::dense_hash_map,630389,66.901221,20.740440,28.226697,537391372310130
ulib::align_hash_map,630389,71.242390,35.655060,20.604359,537391372310130
tommyds hashdyn,630389,238.919634,34.967170,97.348107,537391372310130
khash,630389,80.525430,27.781910,21.111945,537391372310130
libdynamic,630389,62.336822,14.637280,23.358022,537391372310130
std::map_unordered,573080,246.436967,73.313190,159.610007,537769799505740
google::dense_hash_map,573080,69.244350,20.375040,27.839178,537769799505740
ulib::align_hash_map,573080,74.645503,35.013480,20.439180,537769799505740
tommyds hashdyn,573080,252.349180,34.499520,97.554389,537769799505740
khash,573080,84.735890,27.574910,20.936908,537769799505740
libdynamic,573080,65.434152,14.137990,22.435991,537769799505740
std::map_unordered,520981,253.271394,72.481750,157.970469,538188170869750
google::dense_hash_map,520981,53.236951,22.517980,29.604201,538188170869750
ulib::align_hash_map,520981,54.578265,36.280710,19.392245,538188170869750
tommyds hashdyn,520981,167.658705,35.791370,83.645244,538188170869750
khash,520981,60.098695,27.673960,19.822283,538188170869750
libdynamic,520981,48.068077,16.239580,31.020425,538188170869750
std::map_unordered,473619,261.351430,71.409040,155.978229,537623293653725
google::dense_hash_map,473619,53.814982,21.381670,28.372173,537623293653725
ulib::align_hash_map,473619,56.201257,35.160780,18.802417,537623293653725
tommyds hashdyn,473619,169.485356,35.102260,83.641452,537623293653725
khash,473619,62.241646,26.466820,19.309213,537623293653725
libdynamic,473619,48.960861,15.128610,28.245195,537623293653725
std::map_unordered,430562,198.860396,75.631330,151.184473,535834614852795
google::dense_hash_map,430562,54.847813,20.517820,27.382523,535834614852795
ulib::align_hash_map,430562,58.650770,34.273530,18.316263,535834614852795
tommyds hashdyn,430562,175.055657,34.040450,83.236619,535834614852795
khash,430562,64.836251,25.545330,18.809054,535834614852795
libdynamic,430562,50.594040,14.274660,25.881829,535834614852795
std::map_unordered,391419,199.050567,73.743280,147.588571,536741892227180
google::dense_hash_map,391419,56.008819,19.895490,26.657291,536741892227180
ulib::align_hash_map,391419,60.842159,33.364430,17.822921,536741892227180
tommyds hashdyn,391419,182.957010,33.641250,82.689915,536741892227180
khash,391419,67.828498,24.847260,18.369650,536741892227180
libdynamic,391419,52.249357,13.503300,24.192602,536741892227180
std::map_unordered,355835,200.609257,72.054320,143.942723,536872118995295
google::dense_hash_map,355835,57.826675,19.380940,25.927584,536872118995295
ulib::align_hash_map,355835,63.984850,32.805860,17.482732,536872118995295
tommyds hashdyn,355835,190.979870,32.678190,82.538696,536872118995295
khash,355835,71.065100,24.317800,18.073720,536872118995295
libdynamic,355835,54.469639,12.945940,22.755367,536872118995295
std::map_unordered,323486,202.444112,70.577430,140.230876,537552397908605
google::dense_hash_map,323486,59.721104,18.859190,25.434365,537552397908605
ulib::align_hash_map,323486,66.451874,32.350500,17.321275,537552397908605
tommyds hashdyn,323486,201.821998,32.129790,82.888586,537552397908605
khash,323486,74.628398,23.984420,17.780936,537552397908605
libdynamic,323486,57.000241,12.447190,21.529921,537552397908605
std::map_unordered,294078,204.670472,69.298670,137.612331,537984897050170
google::dense_hash_map,294078,62.166881,18.600680,24.962884,537984897050170
ulib::align_hash_map,294078,69.768058,31.598820,17.065081,537984897050170
tommyds hashdyn,294078,210.866529,31.316680,82.720200,537984897050170
khash,294078,78.421109,23.610620,17.638201,537984897050170
libdynamic,294078,59.992043,12.090910,20.359520,537984897050170
std::map_unordered,267343,208.265015,67.976820,133.582607,537585927128445
google::dense_hash_map,267343,64.519374,18.396910,24.592696,537585927128445
ulib::align_hash_map,267343,73.020651,31.660640,16.871760,537585927128445
tommyds hashdyn,267343,221.453586,30.697800,82.718220,537585927128445
khash,267343,82.743203,23.353760,17.402509,537585927128445
libdynamic,267343,62.996200,11.813620,19.494174,537585927128445
std::map_unordered,243039,212.671888,66.473470,130.785927,536439415179825
google::dense_hash_map,243039,46.575545,17.019710,22.035060,536439415179825
ulib::align_hash_map,243039,50.938582,27.932310,13.479252,536439415179825
tommyds hashdyn,243039,133.570744,31.390660,67.441797,536439415179825
khash,243039,57.860245,20.538590,14.295755,536439415179825
libdynamic,243039,43.922634,11.650680,23.360164,536439415179825
std::map_unordered,220944,159.508744,69.058790,120.265656,536430644684185
google::dense_hash_map,220944,47.995619,16.145880,21.057517,536430644684185
ulib::align_hash_map,220944,53.077581,27.056910,12.998262,536430644684185
tommyds hashdyn,220944,130.839919,30.489030,67.858055,536430644684185
khash,220944,60.569180,19.701580,13.777826,536430644684185
libdynamic,220944,45.760799,10.784940,21.430362,536430644684185
std::map_unordered,200858,158.244501,67.291670,115.918664,538097773075755
google::dense_hash_map,200858,49.763052,15.789510,20.345747,538097773075755
ulib::align_hash_map,200858,55.791320,26.371240,12.673321,538097773075755
tommyds hashdyn,200858,138.547317,29.669110,67.728599,538097773075755
khash,200858,63.513781,19.205110,13.202999,538097773075755
libdynamic,200858,47.685355,10.248040,19.825693,538097773075755
std::map_unordered,182598,157.542399,65.457200,112.601743,537785345943285
google::dense_hash_map,182598,51.340058,15.237560,19.630620,537785345943285
ulib::align_hash_map,182598,58.194624,26.221450,12.356849,537785345943285
tommyds hashdyn,182598,144.443762,28.935300,66.957464,537785345943285
khash,182598,66.924988,18.729580,12.932212,537785345943285
libdynamic,182598,49.818021,9.694380,18.585039,537785345943285
std::map_unordered,165998,157.326149,63.504140,108.537796,536791517713080
google::dense_hash_map,165998,53.238937,15.160210,19.007392,536791517713080
ulib::align_hash_map,165998,60.840751,25.650820,11.914806,536791517713080
tommyds hashdyn,165998,153.849697,28.503760,67.292624,536791517713080
khash,165998,70.454186,18.570260,12.637953,536791517713080
libdynamic,165998,52.381017,9.447000,17.227991,536791517713080
std::map_unordered,150907,157.092454,61.419010,104.481502,536610538368035
google::dense_hash_map,150907,55.115641,14.936890,18.507909,536610538368035
ulib::align_hash_map,150907,64.633264,25.167160,11.673832,536610538368035
tommyds hashdyn,150907,163.530267,27.626800,67.197453,536610538368035
khash,150907,75.844023,18.136840,12.269471,536610538368035
libdynamic,150907,55.078280,9.228390,16.105230,536610538368035
std::map_unordered,137188,158.737069,59.536460,101.415313,536616815119230
google::dense_hash_map,137188,57.603559,15.054040,18.206745,536616815119230
ulib::align_hash_map,137188,67.464931,25.054040,11.623750,536616815119230
tommyds hashdyn,137188,171.842807,26.945420,67.268828,536616815119230
khash,137188,78.759585,18.021210,12.202124,536616815119230
libdynamic,137188,58.225902,9.012010,15.201235,536616815119230
std::map_unordered,124716,160.041390,57.940690,98.062398,538457727038365
google::dense_hash_map,124716,40.127995,11.932740,14.336276,538457727038365
ulib::align_hash_map,124716,47.411038,17.749360,10.745325,538457727038365
tommyds hashdyn,124716,104.022427,26.437530,54.500738,538457727038365
khash,124716,53.924035,12.743650,11.020960,538457727038365
libdynamic,124716,39.277823,9.057900,18.227757,538457727038365
std::map_unordered,113378,162.862416,55.958090,95.249272,535849558498275
google::dense_hash_map,113378,41.128799,10.680280,12.990280,535849558498275
ulib::align_hash_map,113378,50.064060,16.707710,10.012357,535849558498275
tommyds hashdyn,113378,100.140689,25.431430,54.844053,535849558498275
khash,113378,56.495123,11.767250,10.367073,535849558498275
libdynamic,113378,40.722424,8.088500,16.300041,535849558498275
std::map_unordered,103070,118.826254,53.270690,82.010323,538103280757780
google::dense_hash_map,103070,42.965092,10.369590,12.374212,538103280757780
ulib::align_hash_map,103070,52.141525,16.053550,9.449006,538103280757780
tommyds hashdyn,103070,98.835015,24.478130,54.906995,538103280757780
khash,103070,59.818880,11.371680,9.782342,538103280757780
libdynamic,103070,42.925032,7.601190,14.972582,538103280757780
std::map_unordered,93699,118.227462,50.355580,78.644094,538151298216325
google::dense_hash_map,93699,45.174623,10.128040,11.857170,538151298216325
ulib::align_hash_map,93699,55.174591,15.748930,8.926381,538151298216325
tommyds hashdyn,93699,103.984013,23.604620,54.298637,538151298216325
khash,93699,62.971163,11.268020,9.319502,538151298216325
libdynamic,93699,45.325681,7.184280,13.793328,538151298216325
std::map_unordered,85180,117.350129,47.293980,75.021965,537640793454235
google::dense_hash_map,85180,47.023668,9.598000,11.086206,537640793454235
ulib::align_hash_map,85180,57.966811,14.794060,8.460578,537640793454235
tommyds hashdyn,85180,109.310073,21.904770,54.237098,537640793454235
khash,85180,66.737368,11.948420,9.487227,537640793454235
libdynamic,85180,47.869077,6.670820,12.701303,537640793454235
std::map_unordered,77436,117.509117,44.201460,71.635015,537646231265280
google::dense_hash_map,77436,49.771153,9.095420,10.673485,537646231265280
ulib::align_hash_map,77436,61.118175,15.474760,8.291221,537646231265280
tommyds hashdyn,77436,116.016052,20.677630,54.756702,537646231265280
khash,77436,70.661152,11.897270,9.355636,537646231265280
libdynamic,77436,50.591430,6.182080,11.702438,537646231265280
std::map_unordered,70396,117.429712,42.588550,69.917950,538337985081555
google::dense_hash_map,70396,53.209714,8.845550,10.318697,538337985081555
ulib::align_hash_map,70396,64.761151,16.796570,8.438533,538337985081555
tommyds hashdyn,70396,123.754219,20.962630,54.324933,538337985081555
khash,70396,74.973450,11.927800,9.274490,538337985081555
libdynamic,70396,54.156784,5.928330,10.912452,538337985081555
std::map_unordered,63996,117.169495,37.411250,65.733765,533610210339155
google::dense_hash_map,63996,36.974889,10.839090,13.603413,533610210339155
ulib::align_hash_map,63996,44.932527,17.043360,10.421026,533610210339155
tommyds hashdyn,63996,74.424073,17.698890,43.356569,533610210339155
khash,63996,50.244078,12.113820,10.731077,533610210339155
libdynamic,63996,36.935371,8.690130,17.860835,533610210339155
std::map_unordered,58178,119.739214,34.461760,62.654268,537225568661305
google::dense_hash_map,58178,38.449259,10.035690,12.682285,537225568661305
ulib::align_hash_map,58178,47.405995,16.031310,9.682801,537225568661305
tommyds hashdyn,58178,75.168861,16.393450,43.215511,537225568661305
khash,58178,52.823731,11.248260,10.044501,537225568661305
libdynamic,58178,38.461446,7.845640,16.389288,537225568661305
std::map_unordered,52889,93.746242,33.337840,61.445556,536459704090360
google::dense_hash_map,52889,40.331865,9.404410,11.900622,536459704090360
ulib::align_hash_map,52889,50.552213,15.210890,9.219157,536459704090360
tommyds hashdyn,52889,74.997731,15.628010,42.751555,536459704090360
khash,52889,55.709959,10.537270,9.601524,536459704090360
libdynamic,52889,40.373537,7.206190,14.933956,536459704090360
std::map_unordered,48080,94.412916,29.990310,59.278640,536638053942495
google::dense_hash_map,48080,42.047899,8.787260,11.236855,536638053942495
ulib::align_hash_map,48080,52.459110,14.301030,8.502496,536638053942495
tommyds hashdyn,48080,75.967408,14.394670,42.463103,536638053942495
khash,48080,58.678640,9.838590,8.893178,536638053942495
libdynamic,48080,42.439892,6.430370,13.499896,536638053942495
std::map_unordered,43709,93.795740,29.762310,58.033288,535133427921620
google::dense_hash_map,43709,44.637077,8.394060,10.718616,535133427921620
ulib::align_hash_map,43709,55.769750,13.785840,8.111373,535133427921620
tommyds hashdyn,43709,79.462308,13.497380,42.241415,535133427921620
khash,43709,62.289666,9.451510,8.516461,535133427921620
libdynamic,43709,45.185362,6.039540,12.842755,535133427921620
std::map_unordered,39735,94.373147,27.684050,56.248698,536421998652130
google::dense_hash_map,39735,46.738291,7.860380,10.190864,536421998652130
ulib::align_hash_map,39735,59.223581,13.060580,7.588172,536421998652130
tommyds hashdyn,39735,82.802869,12.593560,42.290776,536421998652130
khash,39735,65.764867,8.922760,8.036391,536421998652130
libdynamic,39735,47.270140,5.451830,11.581578,536421998652130
std::map_unordered,36122,95.346935,23.981190,53.396074,539573541932295
google::dense_hash_map,36122,49.465063,7.492310,9.745031,539573541932295
ulib::align_hash_map,36122,62.286750,12.677930,7.298904,539573541932295
tommyds hashdyn,36122,88.253807,11.622880,41.486296,539573541932295
khash,36122,69.835225,8.581680,7.733680,539573541932295
libdynamic,36122,50.660152,5.098980,10.546066,539573541932295
std::map_unordered,32838,96.845362,22.330090,51.750959,537443991540195
google::dense_hash_map,32838,52.703453,7.188220,9.411596,537443991540195
ulib::align_hash_map,32838,65.658840,12.185510,7.016566,537443991540195
tommyds hashdyn,32838,94.516962,11.211140,41.682289,537443991540195
khash,32838,74.294811,8.258840,7.442506,537443991540195
libdynamic,32838,53.858396,4.726750,9.830227,537443991540195
std::map_unordered,29852,99.417158,21.709680,51.154830,539133190628985
google::dense_hash_map,29852,36.328521,9.733280,12.279144,539133190628985
ulib::align_hash_map,29852,44.158850,15.454680,9.493736,539133190628985
tommyds hashdyn,29852,61.400911,10.133090,35.701997,539133190628985
khash,29852,49.713755,10.766350,9.758475,539133190628985
libdynamic,29852,36.609741,7.784250,16.385301,539133190628985
std::map_unordered,27138,102.005122,20.829800,50.224224,537035843062510
google::dense_hash_map,27138,37.823163,9.111030,11.603508,537035843062510
ulib::align_hash_map,27138,46.847925,14.560800,8.885032,537035843062510
tommyds hashdyn,27138,60.983897,9.125380,34.940084,537035843062510
khash,27138,52.790036,10.101980,9.309713,537035843062510
libdynamic,27138,38.376667,6.996600,15.200273,537035843062510
std::map_unordered,24670,84.500162,25.169560,53.046575,540598588717760
google::dense_hash_map,24670,39.342440,8.372200,10.716619,540598588717760
ulib::align_hash_map,24670,49.103770,13.690910,8.201013,540598588717760
tommyds hashdyn,24670,63.370734,8.734820,35.295622,540598588717760
khash,24670,55.609201,9.305680,8.494690,540598588717760
libdynamic,24670,39.973166,6.258790,13.598541,540598588717760
std::map_unordered,22427,88.734784,24.145410,52.280822,535702788945340
google::dense_hash_map,22427,42.806349,8.039980,9.984929,535702788945340
ulib::align_hash_map,22427,51.998930,13.143430,7.684800,535702788945340
tommyds hashdyn,22427,65.800241,8.421630,35.332947,535702788945340
khash,22427,59.164578,8.822570,8.098051,535702788945340
libdynamic,22427,42.536362,5.722680,12.413876,535702788945340
std::map_unordered,20388,86.822199,23.181150,50.843437,539269726920000
google::dense_hash_map,20388,43.973563,7.530370,9.719050,539269726920000
ulib::align_hash_map,20388,55.032764,12.488920,7.290171,539269726920000
tommyds hashdyn,20388,69.925692,8.192100,36.101481,539269726920000
khash,20388,63.128016,8.417830,7.797479,539269726920000
libdynamic,20388,45.795517,5.195410,11.530851,539269726920000
std::map_unordered,18534,91.142927,22.337790,50.295241,538175979528385
google::dense_hash_map,18534,48.234974,7.191520,8.980468,538175979528385
ulib::align_hash_map,18534,58.651775,12.060310,6.863494,538175979528385
tommyds hashdyn,18534,74.135265,7.859340,36.552444,538175979528385
khash,18534,67.244308,7.947160,7.350653,538175979528385
libdynamic,18534,48.727258,4.731190,10.610985,538175979528385
std::map_unordered,16849,90.278592,21.426620,49.326607,537718805645445
google::dense_hash_map,16849,49.895543,6.835830,8.755891,537718805645445
ulib::align_hash_map,16849,62.919224,11.698600,6.595703,537718805645445
tommyds hashdyn,16849,79.289275,7.709040,37.366965,537718805645445
khash,16849,72.266425,7.693550,7.042733,537718805645445
libdynamic,16849,51.821532,4.384450,9.896374,537718805645445
std::map_unordered,15317,94.848795,20.873190,48.682510,535096966511680
google::dense_hash_map,15317,35.547953,8.902990,10.862636,535096966511680
ulib::align_hash_map,15317,42.211269,14.233440,9.181041,535096966511680
tommyds hashdyn,15317,54.723967,8.906890,33.320298,535096966511680
khash,15317,47.621205,9.655400,9.463929,535096966511680
libdynamic,15317,35.061566,7.138660,15.144480,535096966511680
std::map_unordered,13924,94.434645,19.748020,47.960500,534761754526430
google::dense_hash_map,13924,36.128627,8.087630,10.230609,534761754526430
ulib::align_hash_map,13924,44.382002,13.209530,8.454539,534761754526430
tommyds hashdyn,13924,55.946136,8.489880,33.599325,534761754526430
khash,13924,50.111606,8.902540,8.785406,534761754526430
libdynamic,13924,36.452241,6.121530,13.809609,534761754526430
std::map_unordered,12658,79.536025,24.126040,49.614868,538337217623340
google::dense_hash_map,12658,37.801548,7.577910,9.626086,538337217623340
ulib::align_hash_map,12658,47.271212,12.576490,7.946516,538337217623340
tommyds hashdyn,12658,57.661005,8.183910,34.381498,538337217623340
khash,12658,53.338284,8.267040,8.297993,538337217623340
libdynamic,12658,38.689761,5.355410,12.703271,538337217623340
std::map_unordered,11507,79.929087,22.425520,48.173199,536906164605060
google::dense_hash_map,11507,39.634396,6.955540,8.829843,536906164605060
ulib::align_hash_map,11507,49.744851,11.703510,7.295385,536906164605060
tommyds hashdyn,11507,58.940297,7.840050,34.073955,536906164605060
khash,11507,56.287130,7.613170,7.851482,536906164605060
libdynamic,11507,40.518033,4.654730,11.417311,536906164605060
std::map_unordered,10460,83.837189,21.567500,47.496080,532239520312365
google::dense_hash_map,10460,41.960516,6.605370,8.475048,532239520312365
ulib::align_hash_map,10460,53.076004,11.258010,6.970937,532239520312365
tommyds hashdyn,10460,61.567973,7.593160,34.644933,532239520312365
khash,10460,60.071893,7.413550,7.263671,532239520312365
libdynamic,10460,43.904302,4.166310,10.653250,532239520312365
std::map_unordered,9509,85.602692,21.300680,46.833947,539641728715155
google::dense_hash_map,9509,46.524661,6.350600,7.846146,539641728715155
ulib::align_hash_map,9509,56.784415,10.889890,6.484278,539641728715155
tommyds hashdyn,9509,64.536229,7.204490,34.959933,539641728715155
khash,9509,64.680829,6.795090,6.942791,539641728715155
libdynamic,9509,46.907246,3.670510,9.587864,539641728715155
std::map_unordered,8644,83.128528,18.932310,45.587922,538459382378140
google::dense_hash_map,8644,48.340120,6.050000,7.900393,538459382378140
ulib::align_hash_map,8644,61.530773,10.637020,6.358746,538459382378140
tommyds hashdyn,8644,67.398195,7.127260,35.978829,538459382378140
khash,8644,69.881421,6.673440,6.912425,538459382378140
libdynamic,8644,50.700602,3.602580,9.229408,538459382378140
std::map_unordered,7858,85.002672,17.722900,44.376050,540160050364585
google::dense_hash_map,7858,34.386612,8.888880,10.892212,540160050364585
ulib::align_hash_map,7858,42.542377,14.152690,9.560193,540160050364585
tommyds hashdyn,7858,51.604861,8.309940,32.855052,540160050364585
khash,7858,47.172818,9.560630,10.032451,540160050364585
libdynamic,7858,34.551413,6.294400,15.900993,540160050364585
std::map_unordered,7143,87.129637,17.365180,44.116898,539417779076635
google::dense_hash_map,7143,35.043819,7.742470,9.721126,539417779076635
ulib::align_hash_map,7143,44.361893,12.681540,8.529469,539417779076635
tommyds hashdyn,7143,53.056699,7.518450,32.218396,539417779076635
khash,7143,48.862663,8.260800,8.835223,539417779076635
libdynamic,7143,35.675906,4.753780,13.679966,539417779076635
std::map_unordered,6493,94.112275,17.955080,43.817496,538038868828185
google::dense_hash_map,6493,38.398737,7.658690,9.208070,538038868828185
ulib::align_hash_map,6493,46.635916,12.461160,8.168027,538038868828185
tommyds hashdyn,6493,56.429694,7.179030,32.832897,538038868828185
khash,6493,52.195903,7.863630,8.396889,538038868828185
libdynamic,6493,37.506083,4.188860,12.812721,538038868828185
std::map_unordered,5902,74.681125,18.265120,44.015757,532580647787280
google::dense_hash_map,5902,39.390884,6.689070,8.623517,532580647787280
ulib::align_hash_map,5902,49.233480,11.361140,7.394443,532580647787280
tommyds hashdyn,5902,57.476110,6.751010,33.452728,532580647787280
khash,5902,55.154693,7.220880,7.847509,532580647787280
libdynamic,5902,39.819214,3.532280,11.504914,532580647787280
std::map_unordered,5365,75.376701,16.958180,42.825536,533720139114220
google::dense_hash_map,5365,41.352283,6.144610,8.116682,533720139114220
ulib::align_hash_map,5365,52.923579,10.823260,7.049767,533720139114220
tommyds hashdyn,5365,60.353588,6.279540,33.531594,533720139114220
khash,5365,59.160671,6.650020,7.547437,533720139114220
libdynamic,5365,42.293010,3.178760,10.884436,533720139114220
std::map_unordered,4877,77.358007,16.282530,42.445766,537445146154490
google::dense_hash_map,4877,43.430593,5.880310,7.759073,537445146154490
ulib::align_hash_map,4877,56.308796,10.341070,6.695510,537445146154490
tommyds hashdyn,4877,63.965758,6.078410,34.350830,537445146154490
khash,4877,63.065204,6.364400,7.198483,537445146154490
libdynamic,4877,45.269428,2.939750,9.557515,537445146154490
std::map_unordered,4433,82.998872,18.216020,42.042860,536230975509900
google::dense_hash_map,4433,48.988495,5.229320,7.255809,536230975509900
ulib::align_hash_map,4433,61.432213,10.417790,6.327318,536230975509900
tommyds hashdyn,4433,68.123393,5.768520,34.956463,536230975509900
khash,4433,67.766749,5.511060,6.729980,536230975509900
libdynamic,4433,49.343785,3.983460,8.727273,536230975509900
std::map_unordered,4029,80.995781,15.404790,41.473567,537987311272815
google::dense_hash_map,4029,32.895756,7.919170,10.332837,537987311272815
ulib::align_hash_map,4029,41.231819,12.962770,9.434103,537987311272815
tommyds hashdyn,4029,47.013899,6.231400,31.651775,537987311272815
khash,4029,45.872673,8.520600,9.546041,537987311272815
libdynamic,4029,33.171755,3.524710,15.390171,537987311272815
std::map_unordered,3662,82.652922,14.879670,41.013381,535282081659935
google::dense_hash_map,3662,34.759421,7.318310,9.799563,535282081659935
ulib::align_hash_map,3662,43.996177,12.459290,8.941835,535282081659935
tommyds hashdyn,3662,48.874386,5.854730,31.644184,535282081659935
khash,3662,48.443200,7.708770,9.272802,535282081659935
libdynamic,3662,35.085199,3.012620,14.403058,535282081659935
std::map_unordered,3329,86.092220,14.445920,39.977471,531331448777945
google::dense_hash_map,3329,35.978372,6.506370,8.977471,531331448777945
ulib::align_hash_map,3329,46.548213,11.549690,8.160409,531331448777945
tommyds hashdyn,3329,50.288675,5.538860,31.811054,531331448777945
khash,3329,51.163412,7.022980,8.454190,531331448777945
libdynamic,3329,36.564434,2.518990,13.112947,531331448777945
std::map_unordered,3026,74.451751,15.846330,43.379048,534925612402845
google::dense_hash_map,3026,38.432254,6.089830,8.696299,534925612402845
ulib::align_hash_map,3026,49.816920,10.942440,7.670853,534925612402845
tommyds hashdyn,3026,53.239590,5.323000,33.474223,534925612402845
khash,3026,54.779577,6.527840,8.181097,534925612402845
libdynamic,3026,38.834765,2.283020,11.982816,534925612402845
std::map_unordered,2750,75.374545,14.766460,41.728364,540610710288725
google::dense_hash_map,2750,39.782909,5.670800,8.160364,540610710288725
ulib::align_hash_map,2750,52.468364,10.334750,7.397818,540610710288725
tommyds hashdyn,2750,55.235636,4.870420,33.661818,540610710288725
khash,2750,57.763273,6.108960,7.824727,540610710288725
libdynamic,2750,40.585818,2.212270,11.047273,540610710288725
std::map_unordered,2500,77.917600,14.996190,41.920000,529686071039000
google::dense_hash_map,2500,43.097200,5.248950,7.712800,529686071039000
ulib::align_hash_map,2500,55.987600,10.094600,6.663600,529686071039000
tommyds hashdyn,2500,57.929200,4.831140,34.339600,529686071039000
khash,2500,62.704000,5.721670,7.340800,529686071039000
libdynamic,2500,44.477200,2.097840,9.902000,529686071039000
std::map_unordered,2272,76.664613,14.521860,40.757923,543540627895020
google::dense_hash_map,2272,45.114437,4.863420,6.869718,543540627895020
ulib::align_hash_map,2272,59.634243,9.557310,6.087148,543540627895020
tommyds hashdyn,2272,60.259683,4.438180,35.407570,543540627895020
khash,2272,66.372799,5.296230,6.672095,543540627895020
libdynamic,2272,46.724912,2.232070,8.025088,543540627895020
std::map_unordered,2065,78.363196,14.355530,40.791283,528070180471120
google::dense_hash_map,2065,50.110412,4.814160,7.058111,528070180471120
ulib::align_hash_map,2065,66.828571,9.476790,6.197094,528070180471120
tommyds hashdyn,2065,64.410654,4.411760,36.522518,528070180471120
khash,2065,73.842131,5.392580,6.815012,528070180471120
libdynamic,2065,51.994189,2.089000,8.455206,528070180471120
std::map_unordered,1877,79.980820,14.261820,40.318061,525168535475265
google::dense_hash_map,1877,33.831113,6.077930,9.730421,525168535475265
ulib::align_hash_map,1877,43.190730,11.059400,9.033031,525168535475265
tommyds hashdyn,1877,48.530634,5.548660,31.072456,525168535475265
khash,1877,47.489078,6.451290,9.442195,525168535475265
libdynamic,1877,34.183271,1.979440,13.796484,525168535475265
std::map_unordered,1706,82.992966,14.001110,39.881594,537949995431990
google::dense_hash_map,1706,34.020516,5.327400,8.430832,537949995431990
ulib::align_hash_map,1706,44.550996,10.369030,8.033411,537949995431990
tommyds hashdyn,1706,50.265533,5.089410,31.298359,537949995431990
khash,1706,49.009379,5.841550,8.347011,537949995431990
libdynamic,1706,34.324150,1.893600,12.327081,537949995431990
std::map_unordered,1550,74.030968,15.216990,42.856774,537618283259170
google::dense_hash_map,1550,36.820000,5.076740,8.410323,537618283259170
ulib::align_hash_map,1550,49.740000,11.319780,7.794194,537618283259170
tommyds hashdyn,1550,54.503226,4.975560,32.760645,537618283259170
khash,1550,53.943226,6.518750,8.063226,537618283259170
libdynamic,1550,38.644516,4.526600,11.990968,537618283259170
std::map_unordered,1409,78.698368,18.331750,41.885025,527424252687485
google::dense_hash_map,1409,42.225692,6.651480,8.139815,527424252687485
ulib::align_hash_map,1409,52.928318,11.002560,7.426544,527424252687485
tommyds hashdyn,1409,58.020582,5.137810,33.904897,527424252687485
khash,1409,56.989354,5.200760,8.077360,527424252687485
libdynamic,1409,39.360539,1.862330,9.645138,527424252687485
std::map_unordered,1280,77.950000,14.772930,41.724219,525080361869555
google::dense_hash_map,1280,41.394531,4.716050,7.592187,525080361869555
ulib::align_hash_map,1280,55.853906,9.686000,7.042187,525080361869555
tommyds hashdyn,1280,58.424219,4.447550,33.421094,525080361869555
khash,1280,61.657812,5.351520,7.730469,525080361869555
libdynamic,1280,41.635156,1.924900,8.866406,525080361869555
std::map_unordered,1163,79.638865,13.954670,40.469475,541235112800080
google::dense_hash_map,1163,43.910576,4.407560,7.331040,541235112800080
ulib::align_hash_map,1163,58.728289,9.440270,6.892519,541235112800080
tommyds hashdyn,1163,61.958727,4.317030,34.263113,541235112800080
khash,1163,65.773001,5.191970,7.411866,541235112800080
libdynamic,1163,44.104041,1.814040,7.826311,541235112800080
std::map_unordered,1057,75.188269,13.937990,39.638600,546304425079840
google::dense_hash_map,1057,44.492904,4.268770,6.472091,546304425079840
ulib::align_hash_map,1057,61.218543,8.815780,5.813623,546304425079840
tommyds hashdyn,1057,64.236518,3.833450,34.681173,546304425079840
khash,1057,67.511826,4.853310,6.483444,546304425079840
libdynamic,1057,45.441816,1.839810,5.990539,546304425079840
std::map_unordered,960,78.382292,14.117390,40.489583,544651917382325
google::dense_hash_map,960,35.462500,8.256700,10.317708,544651917382325
ulib::align_hash_map,960,44.891667,13.223630,9.727083,544651917382325
tommyds hashdyn,960,47.893750,5.584890,32.633333,544651917382325
khash,960,49.390625,9.137850,10.068750,544651917382325
libdynamic,960,32.884375,5.909420,14.032292,544651917382325
std::map_unordered,872,89.446101,16.369660,40.098624,533438887491960
google::dense_hash_map,872,36.607798,7.114250,8.677752,533438887491960
ulib::align_hash_map,872,44.508028,11.837620,8.200688,533438887491960
tommyds hashdyn,872,49.264908,4.856760,31.403670,533438887491960
khash,872,50.230505,7.788800,8.618119,533438887491960
libdynamic,872,33.344037,1.946000,10.323394,533438887491960
std::map_unordered,792,81.982323,13.482180,38.700758,533685972776630
google::dense_hash_map,792,33.344697,4.309180,7.392677,533685972776630
ulib::align_hash_map,792,41.844697,9.656520,7.309343,533685972776630
tommyds hashdyn,792,46.887626,4.115340,30.934343,533685972776630
khash,792,41.818182,5.093850,8.104798,533685972776630
libdynamic,792,29.584596,1.825060,7.454545,533685972776630
std::map_unordered,719,77.986092,15.079860,41.543811,520372688020050
google::dense_hash_map,719,34.742698,4.115820,7.091794,520372688020050
ulib::align_hash_map,719,44.638387,9.233600,6.894298,520372688020050
tommyds hashdyn,719,48.349096,3.674680,31.671766,520372688020050
khash,719,44.675939,4.840700,7.488178,520372688020050
libdynamic,719,31.763561,1.743810,6.496523,520372688020050
std::map_unordered,653,78.955590,14.619790,40.975498,531263049888595
google::dense_hash_map,653,37.886677,4.181620,6.872894,531263049888595
ulib::align_hash_map,653,43.569678,8.877260,6.413476,531263049888595
tommyds hashdyn,653,49.995406,3.542580,32.422665,531263049888595
khash,653,48.142420,4.643760,7.162328,531263049888595
libdynamic,653,32.416539,1.828880,6.294028,531263049888595
std::map_unordered,593,80.536256,14.308600,40.826307,534484175202035
google::dense_hash_map,593,38.978078,4.112420,6.433390,534484175202035
ulib::align_hash_map,593,51.096121,8.735870,6.202361,534484175202035
tommyds hashdyn,593,52.905565,3.236720,32.890388,534484175202035
khash,593,50.527825,4.712760,6.932546,534484175202035
libdynamic,593,35.064081,1.748830,5.450253,534484175202035
std::map_unordered,539,78.638219,14.035470,40.248609,534782280714650
google::dense_hash_map,539,43.016698,4.107930,6.291280,534782280714650
ulib::align_hash_map,539,54.641929,8.917620,6.448980,534782280714650
tommyds hashdyn,539,54.962894,3.198830,33.727273,534782280714650
khash,539,55.497217,4.706680,6.953618,534782280714650
libdynamic,539,37.586271,1.806580,5.333952,534782280714650
std::map_unordered,489,77.173824,13.970070,39.942740,519844607568055
google::dense_hash_map,489,26.386503,4.189380,8.535787,519844607568055
ulib::align_hash_map,489,33.924335,9.582820,9.476483,519844607568055
tommyds hashdyn,489,41.709611,3.303430,30.000000,519844607568055
khash,489,30.339468,5.100570,10.449898,519844607568055
libdynamic,489,19.435583,2.058240,7.208589,519844607568055
std::map_unordered,444,79.632883,13.754760,39.659910,511650154038655
google::dense_hash_map,444,26.481982,4.250440,7.373874,511650154038655
ulib::align_hash_map,444,32.966216,9.193660,7.882883,511650154038655
tommyds hashdyn,444,41.968468,3.265710,29.905405,511650154038655
khash,444,31.628378,4.976040,8.750000,511650154038655
libdynamic,444,20.405405,1.899300,6.511261,511650154038655
std::map_unordered,403,81.531017,13.748900,39.761787,524809526346965
google::dense_hash_map,403,29.225806,4.174620,7.444169,524809526346965
ulib::align_hash_map,403,34.349876,8.888180,7.267990,524809526346965
tommyds hashdyn,403,45.501241,2.777740,29.957816,524809526346965
khash,403,33.181141,4.964030,8.526055,524809526346965
libdynamic,403,20.982630,1.847150,5.766749,524809526346965
std::map_unordered,366,82.491803,13.646160,39.598361,525421969446495
google::dense_hash_map,366,30.928962,4.245360,7.068306,525421969446495
ulib::align_hash_map,366,34.871585,9.098190,6.346995,525421969446495
tommyds hashdyn,366,45.803279,2.880920,30.636612,525421969446495
khash,366,34.131148,4.798070,8.169399,525421969446495
libdynamic,366,22.601093,1.757970,5.090164,525421969446495
std::map_unordered,332,80.777108,15.204880,41.933735,542269063485610
google::dense_hash_map,332,29.521084,4.030700,5.716867,542269063485610
ulib::align_hash_map,332,36.734940,8.842300,5.762048,542269063485610
tommyds hashdyn,332,45.587349,2.375160,31.201807,542269063485610
khash,332,34.620482,4.646520,7.144578,542269063485610
libdynamic,332,22.334337,1.843720,4.837349,542269063485610
std::map_unordered,301,81.053156,14.814360,41.199336,537382204403010
google::dense_hash_map,301,31.787375,3.993470,6.019934,537382204403010
ulib::align_hash_map,301,36.358804,8.693820,5.714286,537382204403010
tommyds hashdyn,301,47.867110,2.287860,32.335548,537382204403010
khash,301,36.033223,4.486950,6.990033,537382204403010
libdynamic,301,24.212625,1.748650,5.182724,537382204403010
std::map_unordered,273,81.117216,14.223230,40.036630,513940023072875
google::dense_hash_map,273,34.062271,3.887060,6.648352,513940023072875
ulib::align_hash_map,273,41.282051,8.656560,6.036630,513940023072875
tommyds hashdyn,273,49.384615,1.965710,32.813187,513940023072875
khash,273,41.787546,4.447470,6.816850,513940023072875
libdynamic,273,24.717949,1.758330,4.402930,513940023072875
std::map_unordered,248,76.697581,14.800990,40.939516,549352084193750
google::dense_hash_map,248,22.451613,4.201600,7.669355,549352084193750
ulib::align_hash_map,248,28.572581,8.819590,7.959677,549352084193750
tommyds hashdyn,248,37.701613,2.188010,29.306452,549352084193750
khash,248,31.423387,5.060400,9.919355,549352084193750
libdynamic,248,16.455645,1.981920,5.959677,549352084193750
std::map_unordered,225,79.271111,14.029480,39.937778,513058540250260
google::dense_hash_map,225,23.364444,3.988780,6.662222,513058540250260
ulib::align_hash_map,225,30.902222,9.182130,7.235556,513058540250260
tommyds hashdyn,225,37.955556,2.377060,29.657778,513058540250260
khash,225,40.435556,4.904130,9.995556,513058540250260
libdynamic,225,34.426667,4.552530,12.946667,513058540250260
std::map_unordered,204,94.906863,13.805640,40.274510,513922655758955
google::dense_hash_map,204,39.696078,6.698820,8.671569,513922655758955
ulib::align_hash_map,204,53.720588,11.123250,7.735294,513922655758955
tommyds hashdyn,204,50.426471,3.701980,33.759804,513922655758955
khash,204,58.205882,7.243950,8.519608,513922655758955
libdynamic,204,33.916667,1.976690,12.769608,513922655758955
std::map_unordered,185,100.200000,14.241310,39.859459,524511816334765
google::dense_hash_map,185,43.778378,6.183350,7.897297,524511816334765
ulib::align_hash_map,185,60.178378,10.249030,7.351351,524511816334765
tommyds hashdyn,185,53.216216,3.898390,34.929730,524511816334765
khash,185,61.762162,6.685620,7.918919,524511816334765
libdynamic,185,37.043243,3.181520,10.010811,524511816334765
std::map_unordered,168,90.946429,15.350700,43.964286,534950060774335
google::dense_hash_map,168,46.107143,6.918750,8.958333,534950060774335
ulib::align_hash_map,168,64.261905,11.600720,8.785714,534950060774335
tommyds hashdyn,168,56.398810,4.114000,37.738095,534950060774335
khash,168,67.404762,7.557950,8.958333,534950060774335
libdynamic,168,40.446429,1.851660,10.934524,534950060774335
std::map_unordered,152,94.565789,16.820930,43.565789,539444085780975
google::dense_hash_map,152,48.131579,5.141540,7.276316,539444085780975
ulib::align_hash_map,152,68.730263,9.316750,6.769737,539444085780975
tommyds hashdyn,152,57.230263,3.093880,37.500000,539444085780975
khash,152,71.611842,5.565700,7.605263,539444085780975
libdynamic,152,41.513158,2.404760,8.697368,539444085780975
std::map_unordered,138,97.471014,17.152030,44.202899,575713803697865
google::dense_hash_map,138,54.057971,5.109070,7.550725,575713803697865
ulib::align_hash_map,138,73.644928,9.481340,6.956522,575713803697865
tommyds hashdyn,138,60.536232,3.247020,38.942029,575713803697865
khash,138,76.833333,5.470010,7.355072,575713803697865
libdynamic,138,43.949275,2.510820,8.065217,575713803697865
std::map_unordered,125,77.384000,14.035020,41.440000,533634870908000
google::dense_hash_map,125,19.896000,4.195520,5.976000,533634870908000
ulib::align_hash_map,125,29.352000,8.368580,6.296000,533634870908000
tommyds hashdyn,125,41.264000,1.845780,32.856000,533634870908000
khash,125,32.392000,4.517290,7.856000,533634870908000
libdynamic,125,16.944000,1.796360,5.128000,533634870908000
std::map_unordered,113,79.991150,14.277970,41.123894,546631213775620
google::dense_hash_map,113,21.787611,3.747400,6.185841,546631213775620
ulib::align_hash_map,113,32.123894,8.607040,7.318584,546631213775620
tommyds hashdyn,113,44.017699,1.802890,34.663717,546631213775620
khash,113,36.407080,4.314330,7.283186,546631213775620
libdynamic,113,17.840708,1.855550,4.991150,546631213775620
std::map_unordered,102,84.127451,13.652370,41.000000,537375746976140
google::dense_hash_map,102,24.558824,3.845530,6.823529,537375746976140
ulib::align_hash_map,102,34.607843,8.634210,6.323529,537375746976140
tommyds hashdyn,102,49.715686,1.880310,36.284314,537375746976140
khash,102,43.500000,4.476970,8.333333,537375746976140
libdynamic,102,17.843137,1.940160,5.362745,537375746976140
